Mominpore = 22.527053,88.326099
Khidderpore = 51.557339,-0.191110
Taratala = 22.514090,88.322090
NewAlipore = 22.5105326,88.3354264
AjantaCinema = 22.5081116,88.3202281
